157
210
350
361
409
434
486
490
511
574
733
794
906
935
945
973
1092
1160
1207
1395
1417
1529
1549
1570
1576
1606
1711
1726
1744
1802
1901
1996
2064
2080
2236
2332
2431
2504
2532
2635
2665
2682
2730
2773
2829
2837
2897
3015
3071
3098
3223
3298
3332
3357
3397
3434
3636
3810
3823
3901
4070
4110
4194
4256
4363
4399
4413
4416
4422
4487
4561
4636
4693
4713
4968
4971
4997
5008
5044
5072
5082
5130
5137
5405
5412
5547
5623
5633
5637
5746
5763
5794
5799
5832
5990
5995
6036
6096
6128
6396
6453
6526
6576
6617
6627
6681
6731
6746
6959
6970
6978
7059
7063
7095
7179
7198
7228
7398
7480
7530
7552
7767
7783
7792
7812
7882
7885
7990
8149
8154
8192
8207
8228
8262
8285
8312
8324
8325
8352
8387
8403
8433
8509
8716
8726
8787
8836
8879
8911
8913
8957
8983
8996
9208
9226
9285
9298
9313
9339
9447
9633
9776
9860
9890
9960
10004
10140
10159
10167
10172
10322
10334
10450
10519
10595
10605
10883
11084
11165
11239
11282
11348
11453
11645
11701
11712
11735
11774
11802
11805
11869
11899
11917
12082
12104
12145
12268
12278
12380
12396
12471
12534
12617
12652
12796
12799
12866
12898
12901
12993
13062
13084
13154
13198
13270
13366
13368
13400
13467
13579
13651
13763
13814
13858
13886
13930
13989
14041
14056
14105
14130
14268
14275
14327
14336
14407
14502
14522
14920
14928
14960
15028
15065
15170
15174
15175
15214
15284
15328
15460
15568
15579
15608
15609
15628
15673
15762
15785
15811
15837
15859
15887
15925
15995
16006
16040
16129
16164
16220
16248
16249
16270
16329
16336
16353
16361
16373
16388
16450
16462
16533
16597
16679
16816
16856
16859
17180
17338
17545
17574
17701
17791
17861
17932
17974
18151
18170
18207
18220
18316
18324
18380
18467
18487
18579
18581
18603
18617
18645
18660
18791
18890
18902
18996
19027
19032
19067
19079
19119
19298
19387
19394
19559
19570
19606
19808
19895
20035
20044
20075
20145
20287
20290
20421
20435
20447
20476
20489
20553
20555
20559
20688
20726
20759
21116
21293
21365
21421
21499
21507
21555
21725
21729
21940
21965
22075
22084
22088
22371
22430
22460
22472
22645
22687
22822
23163
23204
23208
23321
23361
23409
23523
23529
23636
23656
23711
23725
23827
23834
23942
24040
24102
24176
24255
24318
24484
24668
24674
24733
24737
24746
24779
24795
24804
24921
24942
25110
25118
25119
25308
25383
25400
25508
25588
25602
25707
25737
25740
25764
25793
25832
25923
25929
25966
25978
26117
26164
26261
26281
26464
26495
26560
26659
26682
26687
26696
26795
26812
26838
26880
26894
26901
26930
26955
27004
27073
27147
27320
27384
27391
27459
27472
27504
27584
27585
27620
27670
27962
28040
28108
28264
28278
28299
28346
28422
28457
28471
28561
28744
28787
28789
28879
28921
29021
29200
29447
29469
29479
29519
29657
29728
29731
29738
29835
30025
30104
30203
30225
30276
30282
30315
30436
30489
30492
30534
30592
30611
30730
30814
30904
30940
31037
31078
31129
31157
31218
31286
31382
31583
31588
31654
31855
31884
31949
32022
32097
32147
32242
32416
32618
32683
32721
32724
32766
32777
32831
32837
32843
32880
33204
33236
33389
33390
33481
33619
33660
33667
33674
33789
33834
33863
34048
34126
34161
34333
34371
34379
34419
34463
34476
34509
34539
34541
34815
34863
34945
34973
35072
35296
35307
35378
35494
35549
35627
35698
35723
35745
35806
35837
35841
35901
36046
36082
36091
36135
36147
36246
36346
36414
36427
36523
36632
36648
36871
36920
36948
36968
36977
37015
37047
37055
37077
37188
37213
37273
37352
37392
37426
37469
37786
37831
37840
37848
37920
37996
38114
38122
38171
38248
38344
38402
38446
38646
38672
38790
38854
38901
38959
38984
39000
39037
39209
39239
39292
39293
39349
39394
39399
39422
39425
39442
39464
39583
39635
39680
39715
39716
39747
39813
39842
39862
39892
39900
39911
40055
40062
40113
40128
40148
40156
40220
40249
40426
40499
40531
40600
40644
40645
40651
40668
40821
40851
40900
41039
41067
41089
41367
41378
41464
41505
41561
41694
41742
41764
41771
41866
41930
41935
41966
42017
42059
42110
42116
42190
42192
42307
42341
42365
42387
42476
42506
42512
42532
42603
42657
42744
42799
42808
42814
42885
43020
43118
43173
43227
43266
43298
43371
43398
43486
43534
43678
43703
43761
43814
43820
43869
43908
43909
43955
44026
44037
44177
44204
44268
44269
44298
44343
44457
44502
44524
44530
44574
44712
44793
44820
44848
44923
44991
45323
45448
45570
45586
45610
45649
45927
45942
46148
46154
46234
46306
46309
46340
46396
46668
46670
46809
46819
46896
46905
47000
47079
47090
47091
47142
47198
47200
47323
47360
47371
47409
47449
47467
47469
47605
47606
47610
47615
47897
47946
47982
48024
48144
48149
48183
48309
48358
48485
48688
48711
48751
48842
48868
48884
49039
49120
49178
49181
49242
49268
49301
49498
49608
49637
49671
49711
49725
49763
49783
49870
50001
50132
50134
50135
50187
50201
50233
50272
50302
50436
50556
50590
50643
50689
50742
50764
50868
50871
50911
51018
51041
51104
51118
51173
51178
51249
51414
51527
51578
51629
51674
51712
51773
51833
51847
51939
51996
52083
52201
52347
52420
52485
52489
52504
52794
52841
52990
52999
53086
53224
53319
53367
53590
53617
53827
53907
53939
54008
54080
54085
54132
54263
54352
54415
54473
54484
54564
54607
54621
54902
54911
54994
54995
55143
55317
55318
55467
55615
55667
55698
55828
55901
56198
56277
56342
56359
56386
56611
56697
56772
56913
56944
57093
57503
57590
57608
57757
57879
57912
57924
57964
58028
58041
58180
58219
58223
58295
58320
58343
58395
58533
58609
58625
58685
58733
58819
58834
58859
58886
58935
59077
59199
59215
59284
59313
59321
59330
59390
59394
59432
59548
59560
59660
59709
59800
59870
59896
59923
59931
59958
59963
59980
60050
60161
60339
60352
60368
60466
60489
60581
60637
60730
60735
60752
60773
60808
60827
60963
60970
60972
61011
61089
61203
61215
61241
61290
61479
61533
61702
61732
61789
61830
61869
61988
62058
62117
62189
62263
62266
62278
62334
62372
62406
62414
62484
62490
62502
62503
62513
62518
62530
62541
62746
62749
62870
62945
62990
63053
63072
63075
63198
63290
63437
63555
63622
63715
63727
63735
63774
63842
63884
63950
64006
64043
64095
64147
64163
64290
64484
64548
64600
64625
64691
64733
64757
64875
64906
64981
65090
65094
65122
65351
65362
65426
65506
65654
65728
65741
65760
65818
65820
65839
65845
65880
65885
65990
66061
66096
66125
66182
66243
66377
66421
66453
66498
66547
66597
66722
66750
66787
66862
67035
67102
67140
67345
67366
67431
67612
67636
67683
67720
67735
67767
67769
67834
68084
68164
68175
68182
68190
68248
68277
68278
68392
68455
68564
68574
68611
68697
68779
68832
68968
69049
69097
69106
69111
69165
69377
69474
69507
69536
69538
69557
69669
69832
70050
70456
70517
70530
70619
70669
70928
71011
71024
71041
71053
71073
71084
71242
71259
71289
71356
71416
71455
71466
71677
71691
71830
71853
71963
72188
72210
72248
72366
72498
72510
72717
72763
72767
72794
72868
72896
72998
73106
73109
73167
73215
73257
73311
73418
73430
73497
73613
73685
73699
73702
73754
73870
73949
74029
74059
74195
74219
74249
74359
74463
74671
74744
74788
74904
74908
74998
75010
75072
75074
75151
75309
75379
75530
75547
75763
75821
75837
75956
76004
76064
76067
76081
76212
76689
76692
76863
76918
76923
77045
77178
77189
77206
77375
77445
77595
77627
77695
77804
77857
77876
77974
78146
78165
78343
78346
78349
78451
78480
78567
78608
78710
78717
78751
78821
78866
78888
79084
79136
79146
79158
79369
79463
79467
79476
79481
79584
79786
79803
79835
79863
79926
79963
79994
80012
80052
80126
80140
80158
80182
80253
80269
80340
80424
80464
80509
80699
80725
80737
80747
80760
80929
80954
80955
80974
81108
81325
81357
81397
81532
81540
81647
81665
81761
81786
81846
82013
82070
82175
82185
82282
82295
82306
82361
82496
82506
82527
82553
82687
82701
82740
82840
82857
83094
83171
83176
83319
83361
83363
83512
83651
83690
83753
83765
83772
83794
83807
83859
83973
84144
84246
84266
84301
84384
84457
84489
84629
84686
84690
84712
84778
84877
84927
84935
85045
85079
85222
85301
85350
85352
85388
85394
85534
85591
85596
85813
85818
85879
85952
86021
86023
86035
86087
86110
86144
86174
86245
86251
86312
86394
86437
86714
86761
86803
86867
86939
87038
87056
87135
87189
87249
87456
87501
87520
87575
87607
87665
87705
87743
87749
87881
88086
88108
88179
88247
88301
88423
88438
88514
88519
88607
88725
88791
88815
88895
88949
89185
89327
89473
89541
89681
89687
89749
89833
89840
89844
89868
89897
89938
89954
90012
90016
90133
90219
90329
90391
90393
90424
90456
90463
90505
90521
90548
90565
90610
90630
90786
91004
91026
91176
91341
91377
91419
91468
91558
91636
91726
91795
91834
91878
91910
91982
92005
92017
92028
92085
92135
92182
92186
92191
92192
92252
92330
92365
92564
92638
92720
92737
92954
93141
93190
93253
93260
93313
93316
93319
93369
93665
93706
93900
94079
94255
94287
94325
94338
94351
94426
94629
94634
94726
94819
94820
94830
94978
95058
95135
95153
95156
95163
95372
95387
95417
95422
95680
95916
95943
95989
96039
96129
96182
96221
96238
96241
96252
96381
96384
96385
96419
96467
96494
96579
96681
96728
96739
96928
96940
97001
97066
97090
97092
97157
97168
97176
97219
97237
97292
97297
97326
97540
97637
97702
97788
97918
97919
97949
97962
97999
98044
98172
98355
98526
99091
99132
99172
99188
99244
99301
99368
99384
99570
99627
99713
99719
99816
99829
99836
99874
99970
100004
100443
100479
100513
100735
100821
100959
100995
101121
101225
101375
101387
101488
101536
101549
101568
101573
101654
101783
101801
101871
101892
102003
102096
102163
102317
102466
102489
102647
102667
102883
102890
103033
103100
103127
103264
103267
103420
103432
103555
103655
103725
103789
103808
103821
103842
103947
103952
104011
104106
104153
104494
104529
104537
104553
104629
104667
104775
104776
104845
104860
104935
104984
104993
105020
105084
105213
105224
105255
105334
105340
105413
105537
105551
105627
105630
105689
105768
105828
105843
105876
105893
105904
105995
106096
106162
106174
106215
106310
106314
106320
106331
106382
106585
106608
106646
106652
106765
106798
106888
106964
106974
106977
107092
107111
107216
107217
107230
107260
107504
107552
107558
107698
107723
107735
107839
107863
107916
107937
108042
108054
108188
108201
108422
108577
108779
108810
108832
108879
108991
109075
109079
109088
109090
109101
109110
109180
109188
109209
109211
109221
109256
109276
109456
109460
109533
109733
109734
109751
109951
109968
109974
110024
110038
110057
110092
110143
110250
110403
110451
110637
110760
110843
110891
110929
111015
111177
111186
111270
111302
111555
111838
111842
111857
111867
111903
111936
111982
112022
112074
112127
112226
112271
112360
112383
112389
112514
112592
112686
112866
112945
112973
113005
113071
113141
113152
113157
113260
113308
113340
113510
113609
113705
113794
113820
113984
114020
114076
114081
114208
114339
114509
114521
114750
114926
114995
115014
115049
115128
115129
115238
115259
115357
115382
115430
115448
115464
115487
115531
115539
115634
115816
115895
115938
115941
116142
116178
116179
116233
116381
116627
116631
116637
116689
116711
116715
116728
116775
116808
116817
116870
116954
117026
117049
117291
117318
117475
117735
117748
117766
117783
117797
117866
118126
118137
118148
118212
118228
118397
118430
118507
118599
118633
118682
118699
118781
118797
118867
118883
118936
119000
119128
119313
119370
119392
119398
119635
119644
119720
119732
119832
119847
119849
119867
119908
119936
120083
120138
120296
120305
120333
120412
120422
120454
120492
120579
120581
120809
120814
120882
121066
121148
121152
121186
121226
121240
121254
121376
121394
121398
121523
121560
121711
121720
121754
121776
121925
121935
121948
121972
122004
122011
122264
122306
122474
122503
122521
122566
122630
122786
122901
123097
123101
123192
123203
123214
123229
123252
123330
123417
123443
123540
123729
123742
123748
123875
123968
124049
124071
124124
124325
124353
124354
124356
124392
124441
124491
124678
124685
124705
124781
124840
124907
124955
125006
125203
125257
125278
125325
125540
125547
125609
125640
125740
125744
125784
125928
125935
125939
125949
126072
126122
126134
126224
126325
126380
126404
126410
126424
126442
126512
126578
126604
126667
126668
126800
126832
126874
126951
126983
127022
127114
127127
127198
127361
127365
127367
127452
127547
127584
127624
127638
127644
127752
127800
127832
127908
127910
128040
128077
128079
128139
128218
128267
128274
128275
128633
128650
128730
128910
128921
128925
128935
129070
129178
129188
129214
129271
129297
129374
129433
129444
129621
129839
129893
129951
129998
130044
130065
130069
130148
130217
130246
130254
130267
130312
130356
130419
130525
130533
130687
130771
130796
130905
131032
131058
131139
131156
131280
131314
131692
131791
131873
131881
131907
131946
132233
132244
132276
132279
132307
132350
132358
132479
132509
132514
132639
132738
132761
132765
132844
132853
132902
132934
133020
133092
133127
133165
133266
133340
133427
133476
133548
133619
133647
133649
133658
133727
133740
133744
133786
133794
133860
133899
133958
134010
134035
134067
134083
134091
134110
134158
134273
134361
134447
134505
134721
134724
134747
134798
134897
134910
134945
134956
134999
135002
135059
135130
135236
135374
135431
135520
135621
135712
135735
135743
135756
135849
135851
136079
136171
136180
136211
136222
136254
136309
136328
136417
136459
136472
136551
136587
136653
136680
136727
136918
137071
137104
137109
137114
137218
137219
137242
137256
137337
137343
137366
137580
137585
137608
137668
137681
137816
137938
138032
138047
138068
138153
138168
138199
138353
138428
138474
138496
138587
138653
138714
138759
138777
138869
138971
139013
139112
139184
139200
139213
139304
139486
139532
139624
139644
139696
139797
139828
139874
139931
140028
140149
140157
140226
140312
140512
140531
140654
140879
140951
141029
141047
141059
141102
141206
141326
141331
141408
141414
141463
141464
141563
141583
141750
141832
141918
142139
142148
142183
142253
142318
142362
142410
142647
142678
142714
142751
142752
142902
143002
143119
143131
143172
143182
143183
143281
143344
143402
143602
143614
143646
143688
143706
143853
143893
143950
144026
144126
144165
144296
144330
144356
144557
144640
144680
144690
144793
144819
144870
144905
144913
144956
144962
145056
145097
145301
145454
145558
145590
145653
145743
145868
146007
146009
146104
146109
146188
146233
146251
146341
146355
146459
146477
146596
146616
146623
146624
146767
146776
146786
146816
147118
147199
147220
147307
147364
147390
147454
147559
147627
147707
147748
147759
147776
147846
147922
147948
147963
147969
147985
148007
148103
148257
148266
148287
148305
148370
148381
148527
148601
148833
148936
149158
149399
149474
149590
149618
149700
150219
150256
150344
150358
150525
150721
150748
150819
150879
150986
151203
151348
151366
151401
151413
151445
151501
151615
151644
151762
151887
151943
151991
151998
152034
152156
152178
152274
152275
152291
152308
152459
152543
152565
152615
152658
152669
152674
152704
152804
152839
152946
153077
153078
153194
153744
153875
153934
153948
154033
154124
154126
154190
154201
154259
154275
154363
154420
154436
154541
154662
154727
154757
154797
154809
154838
154929
155052
155074
155081
155104
155135
155145
155222
155276
155346
155379
155515
155606
155609
155634
155647
155761
155764
155775
155778
155786
155882
155915
156239
156261
156317
156495
156529
156553
156659
156797
156816
156843
156844
156923
156975
157010
157160
157165
157202
157278
157299
157304
157352
157433
157529
157557
157622
157664
157868
157888
157947
158035
158050
158089
158107
158135
158141
158196
158467
158498
158515
158516
158530
158634
158720
158739
158875
158940
159227
159295
159348
159357
159380
159408
159436
159438
159469
159515
159526
159529
159537
159574
159609
159689
159774
159832
159983
159986
160085
160087
160142
160385
160411
160501
160556
160611
160687
160728
160743
160771
160782
160785
160851
160893
161069
161112
161143
161157
161207
161217
161233
161296
161484
161492
161506
161590
161608
161690
161709
161742
161748
161750
161812
161900
161941
161972
161992
162042
162048
162054
162093
162143
162153
162227
162242
162261
162307
162384
162526
162567
162596
162621
162858
162872
162881
162978
163047
163049
163163
163172
163291
163348
163351
163361
163377
163388
163667
163695
163739
163768
163771
163776
163785
163851
163974
164039
164092
164093
164135
164459
164506
164579
164663
164664
164706
164725
164729
164812
164877
165005
165012
165115
165131
165151
165162
165231
165385
165429
165460
165547
165702
165791
165922
165930
165935
166031
166128
166156
166196
166200
166212
166428
166437
166456
166475
166625
166633
166789
166979
166992
167096
167113
167131
167147
167208
167224
167356
167459
167548
167630
167640
167651
167941
168030
168040
168046
168047
168086
168116
168268
168273
168317
168356
168410
168451
168623
168638
168856
169051
169088
169253
169387
169390
169409
169419
169584
169586
169589
169618
169947
169978
170124
170149
170239
170240
170292
170321
170336
170363
170582
170594
170643
170652
170710
170762
170848
170902
171007
171036
171119
171182
171277
171311
171345
171381
171416
171418
171523
171529
171652
171720
171764
171797
171823
171915
171946
171973
172080
172098
172118
172246
172468
172489
172501
172560
172763
172770
172823
172863
172924
172943
172984
173117
173155
173214
173310
173387
173419
173425
173494
173577
173672
173743
173835
173847
173885
174064
174245
174250
174278
174406
174435
174449
174538
174548
174607
174730
175020
175033
175069
175083
175129
175215
175250
175304
175340
175435
175466
175483
175568
175628
175634
175699
175742
175756
175828
175930
175960
176004
176082
176177
176187
176251
176266
176560
176579
176597
176661
176760
176783
176818
176855
177001
177108
177174
177228
177282
177321
177330
177361
177516
177555
177556
177563
177608
177610
177648
177733
177736
177753
177850
178189
178342
178349
178366
178395
178467
178552
178567
178580
178586
178750
178752
178849
178895
178947
178971
179013
179117
179178
179179
179188
179238
179247
179255
179428
179487
179563
179617
179631
179653
179655
179664
179696
179722
179845
179870
179875
179895
180007
180021
180122
180169
180316
180343
180369
180477
180520
180632
180724
180736
180781
180879
180918
181027
181061
181115
181147
181194
181211
181361
181379
181476
181488
181626
181657
181715
181808
181837
181883
181923
182088
182103
182178
182246
182512
182541
182575
182664
182757
182792
182834
183076
183138
183305
183464
183565
183644
183680
183723
183781
183847
183969
184144
184147
184291
184422
184427
184533
184560
184609
184838
184884
184899
184904
184987
185068
185083
185090
185105
185277
185349
185351
185434
185455
185512
185531
185620
185780
185785
185813
185855
185893
185926
185935
185944
186170
186281
186295
186385
186389
186439
186444
186499
186630
186808
186903
186915
187009
187013
187188
187204
187214
187356
187421
187436
187475
187508
187609
187623
187679
187703
187710
187825
187903
187923
188005
188018
188059
188073
188104
188166
188185
188237
188413
188510
188522
188547
188573
188722
188811
188819
188843
188850
188898
189038
189081
189104
189108
189129
189134
189147
189179
189251
189306
189328
189346
189367
189403
189480
189587
189708
189767
189795
189830
190020
190077
190152
190287
190434
190656
190740
190771
190848
190927
190996
191094
191181
191227
191272
191286
191295
191504
191529
191581
191702
191705
191727
191912
191978
191998
192122
192165
192185
192202
192227
192231
192261
192366
192575
192704
192854
192889
192996
193013
193096
193259
193300
193306
193340
193489
193504
193656
193662
193663
193665
193709
193764
193840
193879
193903
193938
193993
194001
194033
194056
194059
194064
194116
194143
194256
194372
194379
194384
194450
194518
194524
194564
194684
194854
194888
194899
194943
194968
194971
194972
194988
195013
195049
195264
195274
195309
195365
195456
195491
195501
195699
195708
195833
195889
195903
195905
196121
196203
196232
196238
196269
196282
196330
196374
196429
196436
196470
196597
196656
196663
196695
196752
196771
196942
197090
197185
197215
197229
197270
197278
197330
197446
197474
197533
197544
197602
197668
197688
197696
197698
197739
197745
197801
197806
197837
197881
197912
197957
197995
198060
198109
198132
198245
198336
198534
198536
198544
198584
198599
198626
198646
198657
198769
198796
198804
198904
199073
199111
199185
199213
199232
199274
199386
199396
199427
199470
199621
199766
199829
199877
199894
200194
200209
200246
200334
200410
200420
200472
200478
200684
200709
201002
201013
201035
201063
201084
201128
201324
201372
201404
201443
201491
201496
201545
201567
201592
201626
201638
201784
201951
202079
202107
202163
202171
202205
202281
202292
202380
202391
202397
202577
202720
202744
202759
202856
202991
203026
203131
203157
203349
203379
203497
203504
203515
203534
203644
203715
203738
203758
204022
204094
204130
204217
204237
204271
204276
204409
204416
204463
204647
204670
204911
205005
205028
205036
205051
205207
205225
205322
205336
205349
205363
205468
205481
205495
205515
205519
205530
205668
205716
205907
205925
205932
205934
205975
206086
206129
206261
206327
206329
206378
206454
206554
206590
206686
206706
206709
206793
206803
206823
206947
207051
207074
207120
207131
207173
207293
207405
207441
207651
207758
207869
207937
207965
208044
208106
208224
208259
208564
208677
208781
208878
208901
208929
208979
208989
209101
209181
209182
209343
209360
209387
209566
209718
209731
209790
209839
209870
209889
209947
209952
209984
210090
210116
210177
210185
210219
210299
210353
210392
210476
210599
210604
210698
210737
210843
210955
211070
211103
211106
211109
211151
211164
211190
211261
211375
211432
211459
211507
211544
211762
211918
211923
211943
212032
212183
212261
212335
212493
212562
212568
212614
212635
212679
212736
212810
212904
213070
213071
213117
213252
213265
213358
213380
213507
213568
213600
213671
213745
213927
213970
214072
214160
214170
214248
214359
214442
214468
214550
214570
214583
214629
214634
214637
214885
214941
214955
215025
215191
215200
215308
215491
215505
215549
215580
215588
215668
215702
215713
216029
216124
216145
216155
216235
216250
216271
216439
216456
216571
216714
216761
216892
216927
216928
217031
217080
217087
217105
217219
217263
217325
217371
217466
217520
217573
217580
217584
217702
217717
217722
217738
217739
217844
217869
217910
217961
218029
218030
218043
218100
218178
218191
218216
218221
218281
218294
218358
218418
218440
218519
218648
218723
218738
218799
218812
218868
218993
219007
219132
219142
219176
219208
219226
219240
219243
219255
219370
219420
219461
219505
219671
219776
219810
219883
219893
219918
220033
220079
220111
220159
220246
220272
220321
220429
220509
220517
220543
220593
220599
220637
220728
220895
220910
221056
221118
221125
221188
221352
221360
221386
221435
221593
221640
221723
221747
221817
221982
222061
222064
222104
222139
222164
222165
222188
222211
222223
222472
222500
222559
222591
222598
222612
222676
222691
222818
222856
222884
222912
222973
223008
223051
223082
223101
223129
223157
223166
223254
223258
223424
223462
223541
223591
223622
223648
223725
223737
223753
223853
223861
224144
224194
224202
224361
224370
224387
224431
224440
224563
224609
224629
224739
224844
224869
224889
224935
224955
224988
225069
225084
225151
225290
225347
225353
225398
225484
225543
225623
225625
225814
225911
225928
225931
225957
225984
226060
226069
226105
226127
226146
226168
226181
226202
226226
226309
226540
226604
226733
226741
226773
226793
227051
227075
227120
227131
227146
227293
227507
227518
227556
227810
227985
227992
228009
228047
228147
228269
228409
228421
228484
228507
228522
228610
228621
228718
228741
228754
228779
228783
228900
228982
228990
229014
229033
229080
229101
229368
229381
229439
229452
229483
229490
229585
229648
229679
229705
229707
229805
229858
229893
229936
230014
230081
230254
230266
230274
230294
230340
230416
230524
230621
230638
230688
230704
230756
230803
230818
230829
230902
230917
230950
231054
231126
231175
231196
231333
231397
231419
231506
231581
231649
231681
231685
231849
231875
231907
232025
232105
232254
232275
232324
232445
232452
232517
232527
232555
232576
232588
232678
232681
232833
232861
232880
233135
233154
233182
233252
233378
233430
233554
233565
233588
233602
233613
233720
233819
233837
233855
233858
233946
233956
233960
234117
234300
234325
234352
234405
234497
234508
234543
234585
234597
234936
235009
235027
235195
235269
235272
235421
235539
235605
235929
235940
235988
236074
236147
236383
236402
236447
236495
236537
236554
236780
236789
236892
236902
237054
237074
237081
237120
237189
237229
237254
237281
237289
237481
237489
237505
237757
237856
237962
237984
238050
238055
238293
238295
238309
238325
238417
238458
238513
238529
238534
238656
238893
239023
239073
239074
239157
239198
239202
239217
239233
239266
239280
239285
239509
239545
239565
239573
239641
239664
239682
239753
239989
240068
240094
240159
240274
240279
240291
240304
240344
240345
240465
240472
240519
240575
240586
240644
240728
240888
240917
241018
241026
241038
241106
241163
241233
241285
241357
241374
241625
241688
241697
241845
241886
242192
242214
242259
242297
242391
242519
242524
242526
242684
242719
242747
242822
243012
243054
243112
243231
243301
243307
243391
243460
243512
243582
243587
243606
243648
243791
243826
243832
243885
244130
244245
244258
244292
244324
244509
244538
244585
244646
244712
244733
244737
244785
244875
244882
245139
245212
245226
245309
245638
245658
245909
246011
246180
246306
246310
246397
246471
246481
246491
246552
246760
246896
246940
246949
247061
247067
247153
247177
247230
247238
247296
247335
247360
247375
247414
247457
247584
247658
247753
247824
247844
247849
247857
247904
247955
247957
247973
247996
248063
248117
248132
248151
248254
248267
248341
248361
248403
248423
248497
248514
248567
248570
248697
248721
248726
248804
248879
248944
249017
249033
249099
249264
249386
249397
249541
249596
249664
249669
249710
249788
249851
250003
250040
250059
250074
250090
250177
250179
250184
250291
250305
250314
250321
250333
250357
250515
250699
250722
250753
250800
250829
250978
250981
251038
251054
251129
251429
251441
251514
251562
251575
251589
251602
251646
251714
251767
251838
251876
251963
251984
252053
252254
252318
252413
252529
252542
252596
252671
252674
252701
252849
252920
253043
253059
253112
253213
253309
253344
253365
253400
253494
253557
253628
254064
254143
254161
254183
254221
254240
254267
254313
254407
254520
254639
254656
254762
254824
254891
254952
254967
254970
254979
255315
255318
255376
255740
255745
255796
255829
255865
255963
256022
256071
256103
256210
256227
256263
256379
256484
256581
256611
256659
256697
256785
256809
257119
257160
257239
257294
257345
257389
257390
257422
257627
257760
257850
257866
258010
258058
258079
258345
258360
258389
258441
258443
258518
258627
258650
258828
258838
258839
258904
258975
258995
259072
259076
259112
259198
259213
259269
259289
259318
259332
259433
259435
259436
259488
259493
259527
259596
259675
259718
259828
259909
259969
260374
260381
260405
260555
260613
260647
260727
260839
260884
260905
260976
261052
261112
261130
261148
261193
261299
261309
261326
261349
261388
261446
261477
261810
261914
261940
261995
262058
262103
262120
262146
262181
262309
262328
262382
262430
262540
262572
262624
262701
262865
262876
262961
262988
263076
263140
263208
263260
263316
263367
263392
263414
263415
263453
263536
263565
263785
263799
263839
263915
263925
263998
264096
264118
264120
264121
264159
264187
264309
264326
264406
264644
264679
264849
264884
264946
264950
264997
265005
265066
265121
265332
265362
265640
265670
265692
265770
265775
265884
265922
265928
266049
266103
266171
266188
266241
266334
266395
266519
266565
266574
266639
266658
266729
266743
266782
266796
266829
266902
266951
267059
267070
267104
267156
267277
267282
267378
267430
267445
267532
267556
267709
267802
267982
267998
268097
268114
268122
268244
268269
268465
268559
268616
268665
268697
268734
268756
268772
268791
268857
268981
268984
269022
269146
269190
269339
269352
269358
269387
269395
269584
269705
269814
269874
269876
269978
270048
270121
270167
270281
270298
270327
270424
270736
270743
270754
270837
270857
270885
270906
270907
270910
270954
270976
271162
271207
271220
271291
271294
271430
271513
271575
271608
271651
271718
271801
272180
272248
272311
272359
272411
272466
272755
272806
272887
272889
272939
273088
273123
273136
273153
273197
273252
273270
273300
273396
273416
273511
273549
273630
273693
273722
273751
273902
273999
274085
274137
274141
274179
274242
274282
274287
274410
274498
274659
274722
274729
274745
274853
274935
275038
275118
275296
275327
275460
275472
275496
275584
275585
275751
275810
275952
276079
276145
276253
276271
276291
276353
276533
276586
276603
276931
276961
276985
277217
277249
277347
277353
277494
277508
277546
277563
277718
277722
277926
277965
278010
278044
278067
278104
278116
278291
278368
278402
278449
278500
278507
278738
278802
278995
279097
279137
279279
279344
279360
279397
279417
279541
279732
279781
279927
280054
280097
280103
280123
280125
280148
280174
280176
280206
280417
280433
280482
280500
280504
280506
280507
280821
280832
280843
280871
280930
280946
280993
280996
281016
281135
281307
281310
281400
281796
281858
281869
281979
282065
282066
282157
282195
282220
282316
282324
282405
282497
282503
282522
282601
282842
282850
282864
282971
283096
283135
283455
283497
283517
283605
283636
283641
283675
283683
283751
283772
283813
283898
283954
284098
284107
284131
284187
284221
284399
284432
284637
284668
284681
284762
284833
284896
285095
285168
285216
285230
285265
285391
285550
285574
285610
285616
285836
285948
285997
286018
286038
286305
286477
286518
286519
286687
286720
286847
286972
287077
287203
287245
287334
287507
287533
287575
287579
287624
287641
287686
287724
287780
287949
288031
288166
288287
288441
288629
288653
288703
288763
288879
288989
288991
289081
289111
289167
289185
289203
289255
289269
289291
289355
289449
289594
289603
289767
289790
289839
289858
289895
289980
290093
290127
290136
290237
290296
290431
290454
290456
290457
290472
290611
290656
290730
290784
290797
290812
290843
290886
290922
291073
291095
291102
291116
291156
291197
291245
291259
291280
291309
291338
291416
291493
291641
291715
291801
291846
291951
292009
292022
292040
292042
292065
292125
292181
292366
292407
292418
292471
292536
292541
292623
292640
292649
292665
292741
292765
292789
292840
292890
292916
292940
292944
293000
293049
293142
293188
293246
293283
293423
293442
293480
293511
293563
293728
293814
294171
294358
294359
294460
294461
294606
294684
294990
295001
295072
295155
295190
295402
295414
295461
295528
295567
295644
295689
295691
295692
295700
295713
295731
295748
295794
295863
295994
296053
296221
296259
296299
296519
296533
296549
296570
296655
296708
296756
296932
296971
297042
297052
297139
297165
297183
297258
297352
297365
297381
297408
297422
297530
297763
297795
297827
297875
297908
297998
298029
298059
298109
298112
298168
298383
298388
298492
298501
298561
298937
298938
298973
299005
299101
299136
299150
299169
299171
299278
299361
299399
299441
299531
299633
299661
299669
299680
299772
299773
299812
299896
300016
300022
300040
300059
300060
300218
300337
300412
300430
300443
300512
300517
300596
300676
300701
300773
301055
301112
301128
301195
301334
301390
301420
301573
301643
301650
301800
301870
301932
302025
302189
302253
302272
302291
302490
302541
302581
302660
302686
302698
302706
302844
302869
302891
302896
302988
302992
303028
303043
303050
303060
303095
303446
303455
303518
303564
303589
303678
303706
303708
303761
303765
303826
303972
304042
304103
304153
304206
304247
304398
304407
304663
304680
304696
304722
304917
304931
304948
305061
305205
305270
305439
305450
305487
305591
305614
305635
305799
305861
305902
305927
306056
306214
306222
306250
306267
306352
306416
306465
306565
306568
306584
306641
306666
306709
306716
306730
306739
306741
306943
307187
307309
307352
307473
307478
307528
307560
307591
307702
307711
307896
307901
307926
307996
308016
308038
308042
308289
308334
308375
308457
308635
308648
308687
308787
308820
308868
308891
308943
308958
308997
309067
309114
309117
309255
309327
309355
309466
309513
309534
309604
309720
309786
309818
309865
309921
310040
310042
310112
310151
310169
310176
310194
310291
310495
310508
310540
310612
310781
310798
310801
310852
310859
310899
310900
311130
311164
311253
311261
311342
311371
311413
311422
311531
311542
311792
312053
312093
312129
312172
312213
312235
312389
312446
312475
312504
312758
312813
312831
312833
313024
313034
313178
313227
313323
313414
313493
313587
313597
313601
313667
313770
313799
313860
313916
314014
314027
314048
314120
314137
314162
314163
314199
314236
314335
314428
314543
314602
314641
314672
314683
314696
314715
314815
314865
315045
315058
315073
315172
315194
315202
315254
315311
315342
315527
315608
315612
315652
315708
315779
315797
316108
316206
316222
316224
316301
316469
316645
316673
316736
316757
316783
317360
317460
317495
317579
317769
317838
317892
317952
317962
317967
318426
318487
318584
318724
318779
318782
318811
318825
318895
318916
318963
319050
319075
319101
319121
319125
319162
319311
319446
319469
319538
319543
319615
319651
319827
319864
320058
320189
320303
320306
320357
320484
320552
320614
320687
320730
320766
320787
320904
320966
320993
320997
321260
321270
321457
321506
321532
321535
321558
321636
321654
321740
322029
322054
322180
322217
322317
322423
322472
322509
322701
322805
322833
322931
322940
322987
323151
323344
323398
323421
323449
323517
323531
323542
323547
323732
323778
323813
323922
323925
323962
323966
323985
324004
324256
324335
324646
324690
324712
324742
324836
324866
324919
324962
325039
325078
325147
325210
325245
325477
325503
325506
325544
325648
325708
325712
325730
325839
325858
325956
326030
326069
326106
326146
326150
326155
326166
326211
326297
326409
326514
326516
326779
326860
327132
327159
327263
327302
327317
327359
327469
327505
327517
327519
327649
327755
327790
327794
327891
327894
327941
328005
328214
328249
328269
328321
328349
328358
328408
328464
328579
328870
328894
328921
328946
328985
329380
329425
329630
329642
329712
330026
330182
330449
330842
331050
331161
331166
331200
331234
331258
331554
331573
331726
331741
331791
331848
332054
332148
332175
332303
332339
332390
332402
332556
332694
332881
332940
333030
333036
333167
333312
333320
333343
333406
333456
333488
333573
333587
333613
333636
333663
333683
333732
333827
333874
333933
333965
334014
334142
334186
334197
334247
334248
334269
334616
334682
334790
334820
334862
334919
335003
335207
335268
335392
335447
335485
335491
335534
335537
336033
336189
336215
336285
336403
336436
336502
336905
336949
337008
337133
337188
337219
337328
337330
337373
337398
337422
337476
337605
337679
337707
337784
337792
337916
337954
337960
338039
338043
338092
338117
338162
338340
338392
338564
338596
338604
338658
338907
338930
338966
339076
339324
339339
339465
339512
339559
339739
339812
339985
340008
340053
340262
340299
340436
340460
340679
340904
340931
340976
341046
341090
341217
341255
341335
341380
341406
341530
341601
341658
341668
341684
341731
341786
341807
341854
341859
341904
342038
342257
342285
342376
342421
342550
342794
342805
342882
342938
343115
343420
343461
343521
343562
343601
343781
343825
343827
343872
343970
344058
344097
344132
344281
344284
344368
344525
344545
344629
344655
344770
344782
344812
344844
345051
345081
345172
345232
345322
345326
345377
345541
345579
345660
345672
345792
345851
345886
345916
345980
345999
346104
346337
346422
346429
346469
346499
346552
346556
346596
346599
346792
346802
346823
346910
346918
346924
346931
347159
347222
347319
347394
347417
347431
347437
347550
347629
347679
347694
347776
347777
347779
347788
347837
347895
348098
348137
348153
348181
348211
348389
348488
348526
348565
348669
348681
349015
349099
349123
349246
349275
349333
349436
349642
349650
349745
349876
349896
349916
349984
350051
350057
350241
350278
350279
350324
350412
350455
350502
350590
350604
350612
350773
350812
350896
350897
350904
351075
351133
351288
351389
351452
351507
351603
351670
351766
351795
351845
351849
351866
351890
351900
351915
351976
352050
352073
352199
352251
352461
352517
352574
352592
352716
352795
352843
352844
352975
353058
353065
353068
353121
353164
353181
353217
353267
353280
353317
353337
353382
353533
353562
353586
353695
353712
353730
353744
353854
353922
353978
353984
354138
354191
354270
354297
354333
354348
354575
354580
354900
354910
354911
354949
355004
355018
355055
355160
355259
355394
355395
355396
355460
355476
355487
355543
355555
355572
355667
355751
355787
355826
355848
356131
356152
356204
356253
356315
356419
356421
356712
356723
356832
356937
356945
356947
356948
357035
357103
357197
357320
357328
357345
357535
357580
357622
357685
357834
357942
357989
358013
358025
358035
358047
358331
358347
358367
358388
358390
358420
358453
358499
358718
358735
358755
359020
359043
359055
359071
359240
359259
359262
359293
359352
359390
359400
359429
359500
359657
359668
359695
359829
359899
359906
359966
359984
360121
360210
360255
360308
360377
360414
360458
360465
360520
360571
360817
360841
360842
360861
360938
360981
361060
361061
361079
361080
361200
361206
361229
361250
361295
361304
361548
361567
361588
361706
361708
361800
361827
361834
361946
361991
362047
362070
362080
362148
362152
362214
362286
362389
362460
362516
362559
362560
362562
362705
362722
362764
362800
362861
362927
362941
362995
363054
363137
363275
363284
363364
363449
363495
363496
363619
363783
364007
364216
364261
364400
364532
364536
364675
364688
364784
364836
364910
364954
365033
365057
365105
365141
365175
365441
365465
365523
365535
365590
365608
365689
365695
365739
365791
365813
365877
365898
365900
365983
366110
366156
366276
366330
366393
366426
366464
366549
366587
366592
366655
366667
366775
366825
366827
367066
367215
367360
367436
367637
367642
367823
367866
368062
368078
368108
368160
368201
368267
368274
368421
368517
368530
368574
368738
368799
368982
369052
369113
369118
369141
369164
369261
369294
369323
369423
369516
369611
369632
369644
369672
369688
369729
369764
369792
369894
369930
370269
370375
370452
370521
370576
370685
370726
370749
370751
370958
371046
371110
371125
371145
371191
371353
371408
371483
371510
371565
371678
371695
371843
371948
371963
371990
372031
372055
372070
372156
372287
372297
372368
372415
372505
372516
372539
372660
372804
372904
372906
372955
372972
372986
373080
373092
373114
373133
373224
373288
373357
373368
373562
373645
373694
373698
373769
373789
373881
373956
373970
374018
374111
374113
374124
374197
374381
374615
374685
374720
374728
374745
374774
374794
374838
374864
374925
374930
374935
374973
374995
375004
375037
375087
375118
375340
375600
375801
375818
375864
375955
375968
375983
376079
376121
376233
376260
376273
376328
376383
376440
376460
376710
377008
377054
377106
377139
377172
377202
377332
377543
377631
377695
377846
377883
377916
378096
378108
378188
378249
378277
378310
378441
378523
378629
378648
378679
378909
379005
379015
379016
379040
379078
379107
379144
379354
379355
379382
379489
379568
379593
379637
379639
379671
379676
379695
379871
379943
380255
380257
380276
380298
380431
380465
380466
380581
380601
380629
380634
380734
380819
380823
380825
381137
381159
381173
381194
381219
381248
381306
381331
381334
381425
381508
381629
381813
381842
381852
382171
382202
382236
382268
382335
382353
382495
382556
382631
382662
382699
382742
382747
382768
382959
383095
383201
383471
383503
383640
383653
383751
383791
383803
383836
384077
384254
384279
384538
384620
384774
384809
384830
385130
385205
385236
385382
385391
385418
385425
385471
385491
385516
385535
385582
385642
385688
385712
385738
385863
385911
385922
385945
386000
386107
386233
386338
386429
386780
386874
386877
386931
387054
387069
387090
387163
387178
387249
387331
387358
387381
387463
387489
387576
387692
387775
387793
388046
388120
388465
388489
388526
388637
388694
388739
388808
388926
389041
389122
389154
389155
389200
389205
389245
389260
389273
389305
389364
389403
389459
389460
389537
389628
389681
389767
389785
389972
390062
390063
390081
390097
390152
390160
390413
390428
390573
390695
390730
390776
390899
391031
391146
391180
391243
391270
391370
391377
391378
391392
391454
391518
391549
391558
391692
391702
391714
391759
391905
391944
391955
392004
392087
392227
392315
392386
392471
392534
392633
392689
392771
392783
392792
392827
392845
392871
392892
393051
393126
393134
393194
393203
393209
393233
393260
393283
393322
393352
393361
393389
393446
393464
393482
393588
393690
393809
393843
393900
393906
394018
394048
394052
394080
394101
394185
394193
394487
394496
394498
394550
394775
394790
394820
394822
395007
395122
395238
395301
395312
395317
395331
395333
395359
395809
395823
395979
395999
396088
396151
396156
396262
396338
396399
396474
396489
396524
396629
396640
396656
396673
396699
397039
397097
397144
397148
397279
397498
397605
397686
397832
398072
398073
398108
398111
398184
398203
398262
398340
398360
398377
398447
398583
398691
398696
398728
398752
398820
398949
399065
399134
399236
399297
399356
399453
399667
399733
399817
399839
399840
400033
400104
400133
400157
400201
400254
400361
400364
400389
400723
400844
400867
401005
401066
401315
401329
401397
401410
401689
401744
401847
401860
402019
402343
402515
402579
402584
402633
402677
402757
402930
402991
403040
403086
403139
403232
403233
403242
403380
403418
403443
403518
403532
403544
403621
403630
403805
403852
403858
403931
404005
404261
404361
404725
404744
404976
405025
405083
405129
405150
405188
405214
405300
405319
405395
405402
405446
405451
405519
405602
405605
405611
405735
405764
405878
405884
405984
405998
406282
406288
406383
406409
406451
406632
406663
406690
406692
406755
406842
406879
406964
406975
406990
407003
407058
407209
407267
407305
407340
407381
407766
407781
407817
407872
407929
407933
408034
408037
408050
408062
408130
408250
408252
408445
408454
408494
408606
408698
408776
408786
408811
408866
408870
408938
409082
409092
409113
409129
409161
409166
409246
409298
409484
409489
409532
409562
409636
409745
409854
409902
409970
409971
410020
410206
410258
410301
410395
410468
410538
410548
410557
410559
410618
410722
410748
410761
410872
411142
411145
411296
411387
411389
411407
411450
411520
411521
411533
411703
411784
411967
412074
412206
412666
412677
412681
412733
412855
412943
412993
413045
413214
413334
413360
413429
413464
413484
413534
413538
413712
413744
413757
413908
413911
413935
414021
414023
414055
414106
414145
414165
414183
414283
414309
414505
414511
414595
414602
414668
414669
414716
414824
414919
414932
414999
415025
415057
415078
415141
415264
415408
415597
415630
415644
415721
415747
415779
415870
415924
416052
416098
416364
416454
416504
416560
416593
416625
416727
416786
416819
416887
416962
416980
417024
417047
417294
417361
417433
417492
417516
417525
417880
417918
417957
417962
417985
418008
418060
418075
418093
418373
418548
418591
418647
418758
418765
418769
418823
418838
418980
419032
419039
419210
419456
419463
419480
419494
419509
419680
419787
419800
419879
420022
420174
420294
420394
420501
420512
420545
420551
420558
420584
420596
420608
420612
420629
420672
420760
420905
420945
421079
421172
421259
421275
421276
421309
421328
421344
421393
421414
421545
421641
421652
421853
421882
422003
422059
422060
422125
422149
422156
422218
422247
422348
422350
422356
422359
422363
422420
422515
422544
422676
422780
422875
422905
422912
423052
423124
423149
423183
423309
423374
423445
423554
423555
423579
423622
423637
423676
423792
423818
424183
424269
424284
424291
424298
424393
424459
424482
424542
424584
424706
424739
424870
424918
425011
425083
425160
425308
425313
425344
425416
425417
425435
425532
425590
425659
425691
425852
425884
425910
425947
425959
425968
426047
426062
426067
426075
426087
426177
426178
426224
426408
426484
426614
426645
426832
426873
426893
426917
426975
426977
427083
427128
427195
427207
427347
427359
427503
427610
427616
427619
427676
427901
428024
428034
428195
428319
428327
428381
428517
428538
428629
428651
428662
429105
429202
429220
429303
429312
429328
429371
429542
429661
429734
429744
429801
429819
429832
429919
430011
430134
430225
430471
430524
430537
430554
430636
430670
430801
430829
430934
431445
431486
431489
431598
431604
431747
431758
431823
431937
431966
431979
431984
432136
432247
432301
432358
432481
432538
432569
432618
432661
432664
432756
432803
432926
432958
432968
433054
433073
433082
433121
433124
433161
433172
433281
433283
433337
433381
433411
433762
433811
433824
433954
434043
434109
434117
434168
434212
434266
434328
434411
434461
434465
434505
434569
434576
434585
434630
434656
434731
434740
434833
434981
435049
435085
435249
435289
435406
435432
435469
435485
435538
435553
435643
435656
435698
435724
435752
435920
435951
436062
436096
436120
436136
436147
436148
436243
436287
436333
436418
436480
436620
436660
436722
436731
436822
436842
436891
437018
437037
437042
437104
437156
437218
437285
437486
437502
437507
437624
437660
437908
438013
438035
438079
438144
438171
438235
438262
438264
438493
438531
438609
438635
438676
438907
438984
439015
439099
439145
439195
439350
439370
439465
439556
439574
439578
439615
439658
439690
439710
439715
439727
439745
439751
439809
439845
439871
439872
439876
439909
439993
440018
440061
440156
440256
440271
440290
440307
440325
440415
440464
440510
440541
440553
440593
440606
440614
440698
440824
440969
441011
441067
441241
441314
441326
441381
441491
441652
441654
441667
441679
441695
441697
441736
441906
442012
442014
442021
442071
442179
442205
442256
442269
442365
442438
442455
442563
442599
442600
442617
442618
442636
442706
442729
442828
442829
442833
442876
442953
442987
443004
443040
443184
443214
443219
443225
443255
443332
443360
443461
443535
443779
443900
443912
443921
443961
444192
444222
444262
444409
444533
444645
444699
444711
444741
444788
444885
444900
444987
445033
445036
445219
445282
445293
445347
445364
445405
445445
445456
445537
445563
445616
445665
445743
445759
445948
446039
446282
446295
446410
446488
446542
446547
446565
446675
446702
446703
446740
446754
446790
446888
447057
447060
447085
447117
447252
447476
447508
447555
447648
447660
447866
447882
447986
448085
448141
448171
448245
448315
448348
448377
448480
448571
448683
448721
448753
448783
448855
449003
449006
449028
449164
449179
449224
449423
449485
449491
449632
449678
449785
449808
449843
449891
449912
450070
450104
450119
450124
450129
450263
450282
450301
450413
450517
450525
450555
450795
450849
451079
451093
451105
451151
451171
451321
451330
451529
451531
451567
451587
451666
451774
451797
451811
451946
452212
452234
452310
452331
452464
452572
452581
452584
452670
452834
452884
452899
452922
452962
452966
453019
453027
453151
453183
453204
453242
453323
453349
453422
453483
453563
453569
453585
453698
453742
453832
453892
453981
454041
454061
454133
454138
454143
454144
454171
454247
454322
454396
454412
454421
454463
454501
454508
454538
454755
454939
454984
455014
455029
455060
455078
455194
455220
455376
455499
455580
455592
455662
455849
455982
456048
456078
456263
456290
456452
456474
456515
456550
456631
456837
456884
456914
456950
456994
457006
457031
457042
457130
457183
457216
457228
457307
457323
457373
457382
457402
457514
457525
457577
457594
457696
458022
458029
458097
458161
458221
458228
458236
458399
458418
458496
458690
458743
458805
458982
459063
459086
459091
459113
459173
459272
459364
459489
459538
459630
459658
459795
459824
459936
460035
460060
460066
460104
460275
460357
460373
460410
460463
460714
460773
460902
460938
460942
460953
460985
460989
461014
461202
461390
461479
461489
461678
461708
461724
461727
461748
461838
461930
461959
461982
462032
462127
462153
462162
462214
462279
462328
462399
462483
462504
462604
462614
462645
462722
462794
462875
462952
463020
463024
463101
463146
463148
463194
463247
463319
463365
463430
463464
463522
463541
463746
463750
463784
463831
463875
463910
464009
464049
464052
464194
464205
464268
464382
464404
464417
464448
464530
464531
464728
464933
464981
465101
465112
465121
465245
465308
465325
465389
465396
465397
465471
465539
465545
465581
465602
465650
465664
465727
465876
465906
465917
465996
466082
466092
466126
466224
466336
466388
466455
466482
466570
466620
466658
466757
466898
466911
466938
467055
467099
467154
467304
467310
467448
467603
467606
467610
467647
467681
467683
467781
467788
467796
467814
467859
467892
467944
467976
467984
468073
468115
468293
468351
468391
468439
468518
468616
468652
468661
468676
468699
468868
468870
468894
468924
468950
468993
469022
469094
469555
469712
469715
469729
469822
469898
469909
469933
469995
470100
470154
470331
470391
470395
470442
470500
470611
470620
470634
470748
470757
470839
470868
471004
471093
471129
471135
471176
471189
471201
471308
471389
471403
471457
471572
471623
471657
471660
471668
471671
471708
471714
471751
471868
471889
471895
472147
472153
472290
472319
472428
472460
472580
472604
472615
472905
472921
472988
472989
473148
473224
473237
473401
473409
473458
473503
473605
473633
473680
473770
473837
473844
473921
474034
474099
474166
474179
474418
474439
474604
474623
474658
474659
474677
474769
474772
474791
474804
474836
474859
474909
474968
475233
475234
475324
475504
475542
475576
475629
475636
475715
475736
475752
475754
475873
475894
475943
476013
476113
476211
476218
476241
476279
476296
476512
476610
476617
476620
476650
476697
476782
476784
476833
476872
476892
476923
476964
477000
477090
477121
477141
477226
477246
477253
477283
477360
477412
477474
477486
477536
477642
477690
477717
477738
477892
477893
477907
477966
478092
478192
478209
478225
478339
478344
478345
478507
478519
478549
478659
478690
478974
478985
479027
479305
479409
479494
479522
479620
479671
479742
479749
479788
479821
479828
479939
479944
480039
480051
480102
480182
480215
480250
480294
480436
480465
480718
480733
480747
480804
480822
481013
481050
481201
481220
481255
481347
481395
481461
481484
481527
481663
481734
481736
481804
481817
481845
482074
482089
482286
482313
482404
482503
482505
482568
482595
482663
482665
482675
482676
482903
482964
483119
483186
483190
483199
483249
483256
483408
483441
483452
483526
483528
484060
484068
484107
484170
484221
484312
484380
484560
484718
484780
484795
485046
485228
485346
485378
485422
485428
485690
485701
485726
485876
485928
486045
486081
486098
486165
486182
486396
486464
486475
486479
486490
486583
486723
486752
486860
486932
487223
487303
487342
487386
487479
487527
487583
487705
487781
487985
488026
488054
488105
488144
488171
488197
488236
488242
488294
488477
488825
488887
488917
488996
489076
489093
489198
489218
489224
489275
489300
489344
489609
489612
489629
489903
490246
490369
490773
490920
490990
491214
491262
491433
491457
491553
491776
491797
491828
491894
491949
492016
492451
492453
492468
492521
492573
492614
492693
492781
492845
492847
492951
493066
493178
493204
493228
493269
493312
493434
493573
493585
493590
493591
493724
493772
493796
494079
494159
494242
494399
494455
494476
494501
494528
494556
494589
494631
494656
494699
494750
494790
494818
494889
494915
495035
495057
495070
495100
495137
495247
495276
495305
495360
495409
495423
495447
495476
495524
495547
495592
495652
495751
495801
495816
495826
496071
496090
496098
496107
496132
496307
496552
496766
496803
496908
496970
497009
497109
497113
497360
497376
497433
497481
497502
497726
497788
497845
497910
497982
498107
498176
498273
498342
498373
498411
498494
498522
498528
498539
498587
498632
498654
498788
498793
498840
498862
498914
498924
498927
498948
498992
499109
499171
499331
499364
499447
499573
499655
499656
499686
499791
499796
499827
499841
499988
500020
500037
500048
500099
500111
500140
500149
500155
500166
500167
500169
500190
500217
500273
500285
500289
500337
500453
500541
500556
500611
500671
500736
500744
500779
500785
500819
500867
500989
501016
501036
501244
501269
501274
501314
501319
501380
501535
501560
501601
501641
501731
501768
501786
501790
502074
502206
502257
502341
502367
502403
502406
502690
502707
502736
502829
502856
503034
503057
503079
503131
503134
503144
503237
503369
503429
503473
503556
503631
503643
503649
503685
503704
503728
503802
503823
503824
503938
504005
504062
504262
504275
504282
504383
504404
504407
504439
504524
504560
504582
504584
504659
504688
504709
504768
504865
504934
504950
505068
505112
505147
505180
505277
505565
505658
505883
505892
505919
505969
505975
506006
506052
506156
506185
506257
506286
506361
506393
506568
506628
506784
506806
506931
506967
507014
507043
507063
507153
507215
507222
507319
507362
507401
507407
507423
507443
507523
507665
507681
507749
507801
507807
507814
507948
508009
508101
508125
508183
508196
508257
508260
508264
508370
508407
508454
508500
508516
508597
508660
508758
508815
508998
509016
509052
509131
509180
509250
509277
509365
509368
509426
509523
509602
509710
509876
509884
509893
509936
509966
509974
509975
509978
510032
510074
510096
510251
510255
510275
510489
510582
510600
510844
511040
511265
511407
511435
511475
511506
511620
511678
511713
511931
512008
512147
512168
512295
512297
512299
512350
512355
512509
512543
512559
512590
512746
512754
512765
512861
512982
512987
513158
513159
513433
513513
513625
513638
513657
513751
513760
513784
513894
513979
514013
514055
514100
514123
514126
514183
514293
514320
514521
514561
514567
514717
514900
514927
515014
515043
515191
515269
515307
515320
515325
515337
515369
515393
515478
515501
515529
515570
515595
515780
515898
515943
515948
516246
516311
516423
516496
516570
516655
516764
516787
517050
517051
517146
517160
517183
517275
517329
517344
517430
517520
517589
517739
517857
517875
517879
517887
517996
518030
518074
518109
518118
518186
518226
518371
518373
518476
518500
518568
518650
518652
518662
518747
518785
518944
519059
519140
519193
519322
519358
519380
519453
519470
519536
519706
519780
519812
519889
519916
519960
520003
520038
520069
520184
520328
520389
520462
520533
520578
520661
520799
520889
520961
521149
521170
521225
521305
521322
521365
521366
521789
521791
521823
521921
521952
521979
522052
522106
522172
522211
522373
522382
522622
522628
522691
522697
522768
522847
522993
523012
523055
523176
523247
523261
523274
523372
523378
523408
523452
523464
523493
523500
523521
523541
523558
523725
523813
523842
523906
524005
524027
524129
524135
524140
524290
524315
524390
524424
524473
524821
524834
524950
524968
524991
525007
525010
525082
525150
525168
525278
525311
525334
525400
525411
525562
525567
525658
525699
525821
525867
525894
525980
526006
526140
526164
526175
526199
526279
526292
526353
526384
526430
526442
526492
526808
526830
526872
526873
526888
527080
527189
527458
527490
527530
527602
527635
527729
527785
527947
528078
528082
528115
528259
528458
528519
528613
528697
528743
528902
528981
529033
529045
529131
529132
529196
529224
529253
529258
529401
529610
529665
529666
529684
529735
529815
529838
529851
529903
529959
530115
530128
530215
530271
530354
530397
530421
530425
530511
530581
530623
530676
530678
530694
530842
530950
531023
531142
531278
531306
531334
531363
531418
531599
531684
531876
531908
531943
532072
532141
532162
532195
532241
532298
532302
532341
532393
532619
532620
532628
532693
532791
532854
532900
532942
532968
533107
533200
533237
533283
533312
533421
533479
533499
533502
533609
533678
533816
533876
533886
533960
534002
534053
534056
534061
534063
534075
534338
534684
534693
534801
534836
534920
534923
535017
535052
535128
535270
535368
535474
535489
535497
535525
535849
535860
535962
536025
536331
536332
536369
536380
536473
536548
536629
536634
536666
536676
536691
536742
536830
536833
536848
536910
536987
537006
537014
537019
537135
537206
537255
537319
537320
537345
537615
537727
537738
537793
538153
538278
538313
538393
538486
538533
538576
538618
538740
538811
538975
539032
539038
539044
539049
539062
539134
539218
539243
539342
539489
539543
539606
539666
539753
539770
539781
540233
540298
540342
540473
540849
540920
540932
540986
541051
541157
541202
541217
541257
541277
541297
541345
541490
541498
541599
541658
542012
542031
542380
542491
542551
542623
542637
542695
542822
542855
542875
542978
543153
543220
543221
543250
543712
543990
544019
544068
544071
544095
544180
544265
544285
544338
544347
544405
544493
544525
544560
544602
544645
544855
544859
544878
544959
544985
545027
545100
545101
545186
545221
545255
545280
545299
545358
545420
545452
545533
545604
545695
545707
545745
545836
545849
545875
545932
545980
546005
546064
546134
546187
546370
546556
546561
546628
546697
546761
546795
546796
546908
547062
547255
547291
547294
547507
547530
547577
547623
547716
547724
547897
547928
547930
547946
547998
548164
548254
548308
548399
548400
548404
548407
548440
548464
548499
548678
548683
548702
548722
548737
548793
548929
548942
548969
549136
549137
549145
549146
549154
549206
549277
549284
549301
549397
549464
549525
549587
549637
549641
549664
549690
549780
549828
549916
549950
550041
550114
550118
550364
550373
550393
550436
550588
550592
550614
550632
550639
550664
550767
550773
550853
550965
551066
551210
551416
551623
551651
551690
551741
551881
552215
552364
552371
552406
552453
552587
552609
552678
552774
552933
553132
553265
553268
553352
553441
553494
553576
553588
553617
553667
553671
553733
553813
553837
553922
553980
554053
554152
554283
554373
554393
554465
554483
554519
554559
554704
554705
554753
554779
554796
554861
554885
554953
554971
555111
555123
555124
555209
555218
555266
555275
555289
555503
555529
555715
555926
556118
556124
556165
556183
556190
556278
556301
556314
556353
556403
556404
556446
556474
556527
556532
556588
556594
556628
556857
556868
556877
557149
557185
557214
557223
557230
557241
557289
557340
557368
557374
557461
557506
557526
557578
557648
557705
557746
557784
557803
557907
558082
558148
558303
558332
558350
558413
558575
558591
558791
558870
558924
559045
559092
559110
559114
559159
559206
559331
559384
559411
559544
559609
559697
559741
559753
559778
559858
559953
559972
560038
560049
560123
560189
560204
560278
560305
560316
560329
560335
560337
560386
560420
560805
560847
560890
560929
561103
561121
561245
561254
561275
561327
561332
561336
561355
561548
561623
561660
561684
561813
561847
561983
562088
562148
562268
562400
562488
562529
562624
562650
562940
562967
562993
563054
563067
563080
563098
563220
563376
563440
563470
563630
563726
563813
563844
563999
564217
564536
564849
564916
564931
564991
565025
565066
565071
565072
565167
565297
565386
565546
565566
565646
565794
565796
565930
566031
566085
566103
566224
566245
566260
566268
566291
566309
566318
566423
566514
566515
566579
566628
566648
566708
566727
566793
566870
566912
566966
567019
567110
567266
567286
567309
567359
567456
567494
567501
567512
567567
567576
567585
567597
567657
567706
567760
567830
567844
568015
568033
568056
568073
568113
568146
568168
568303
568510
568521
568596
568608
568639
568730
568747
568764
568907
568999
569100
569112
569114
569218
569241
569281
569385
569475
569635
569705
569864
569890
569979
570147
570217
570234
570235
570281
570310
570359
570413
570504
570548
570552
570556
570590
570708
570718
570795
570909
570964
571024
571040
571192
571205
571211
571214
571235
571290
571375
571410
571427
571603
571828
571925
571977
572178
572268
572312
572342
572470
572609
572626
572634
572693
572701
572786
572873
572907
572923
572932
573052
573098
573278
573321
573395
573457
573709
573869
573870
573895
573945
573983
574035
574067
574071
574083
574094
574100
574115
574121
574205
574268
574367
574377
574390
574427
574455
574458
574542
574613
574685
574781
574935
575003
575044
575159
575249
575287
575288
575371
575457
575463
575467
575497
575583
575587
575820
575908
575920
575934
575954
576011
576120
576133
576215
576260
576269
576404
576409
576464
576515
576616
576669
576772
576777
576836
576855
576866
576873
577009
577020
577162
577202
577216
577383
577536
577735
577742
577877
577929
577930
577968
578090
578247
578310
578360
578397
578428
578442
578752
578821
578840
578865
578952
578987
579035
579224
579530
579609
579649
579683
579749
579752
579754
579776
579825
579835
579935
579944
580216
580385
580466
580514
580518
580542
580628
580718
580744
580862
580872
580923
580926
580984
581058
581062
581069
581087
581103
581119
581247
581565
581589
581612
581694
581723
581752
581824
581905
581913
581930
582002
582060
582070
582149
582237
582344
582369
582490
582542
582649
582664
582731
582829
582838
582991
583092
583112
583145
583183
583204
583206
583289
583335
583347
583348
583379
583390
583523
583571
583579
583612
583678
583691
583693
583701
583709
583717
583763
583799
583912
583927
583978
583998
584182
584199
584229
584243
584271
584320
584361
584390
584409
584571
584644
584661
584786
584834
584920
584954
585052
585092
585105
585161
585399
585491
585517
585550
585554
585559
585612
585680
585682
585725
585755
585763
585769
585862
585999
586070
586163
586186
586234
586247
586267
586590
586640
586678
586769
586820
586821
586828
586889
586905
587049
587081
587130
587159
587243
587250
587292
587303
587397
587430
587436
587513
587515
587686
587749
588020
588024
588072
588100
588184
588231
588277
588343
588387
588389
588465
588570
588689
588785
588812
589141
589163
589197
589256
589266
589301
589318
589383
589384
589522
589573
589647
589988
590079
590089
590097
590162
590176
590203
590214
590223
590418
590453
590472
590500
590583
590667
590744
590830
590855
590869
590910
591028
591035
591089
591117
591121
591189
591199
591236
591266
591297
591319
591523
591662
591733
591785
591796
591870
591915
591921
592010
592092
592107
592111
592126
592145
592277
592321
592371
592408
592502
592597
592614
592634
592666
592681
592696
592753
592778
592941
593008
593075
593120
593304
593311
593312
593354
593365
593479
593515
593606
593665
593746
593870
593917
593952
593968
594041
594056
594078
594116
594415
594438
594601
594651
594682
594730
594761
594763
594835
594951
594975
594984
595037
595163
595259
595383
595433
595450
595483
595544
595848
595913
595919
595937
595942
595988
595997
596153
596182
596276
596489
596529
596625
596632
596674
596720
596782
596822
596838
596947
597112
597127
597220
597364
597498
597529
597539
597655
597678
597805
597889
597939
597943
597974
597995
598143
598161
598168
598282
598347
598363
598613
598635
598648
598654
598754
598756
598783
598785
598892
598914
598990
599039
599068
599149
599178
599187
599190
599265
599286
599303
599423
599502
599558
599730
599750
599820
600052
600057
600094
600146
600294
600332
600418
600420
600562
600640
600706
600714
600777
600899
600938
600977
601057
601117
601304
601336
601482
601758
601773
601810
601930
601974
602003
602040
602054
602109
602150
602160
602301
602305
602306
602386
602416
602432
602477
602545
602576
602592
602607
602791
602802
603032
603061
603098
603120
603219
603288
603362
603585
603761
603807
603855
603897
603956
603965
603974
603996
604078
604139
604348
604353
604358
604410
604434
604579
604587
604598
604616
604637
604640
604719
604726
604772
604795
604801
604807
604843
604858
604869
604902
605023
605039
605091
605198
605219
605304
605577
605637
605703
605798
605827
605879
605903
605917
606043
606070
606124
606197
606262
606387
606398
606402
606435
606440
606686
606694
606701
606925
607046
607265
607341
607373
607903
607983
608017
608020
608278
608280
608548
608603
608706
608753
608773
608824
608827
608843
608847
608850
608876
608892
608937
609007
609118
609238
609287
609355
609432
609489
609498
609614
609635
609676
609679
609771
609795
609860
609930
609957
609980
610040
610081
610130
610304
610357
610497
610517
610683
610874
610886
610947
611025
611159
611324
611384
611407
611477
611503
611574
611590
611597
611609
611670
611693
611716
611766
611774
611796
611811
611905
611940
612043
612060
612086
612267
612294
612366
612504
612653
612694
612765
612803
612902
612950
612956
612988
613323
613352
613358
613446
613459
613536
613538
613606
613665
613694
613708
613724
613738
613806
613815
613836
613880
613964
614027
614142
614282
614323
614386
614411
614413
614559
614603
614629
614660
614737
614870
614915
614995
615039
615046
615250
615280
615420
615437
615555
615728
615774
615847
615885
615948
616025
616077
616087
616116
616161
616318
616343
616358
616401
616475
616483
616549
616565
616569
616667
616708
616709
616838
616890
616935
617084
617164
617200
617210
617230
617402
617404
617496
617501
617612
617705
617749
617764
617826
617889
617896
617918
617967
617991
618049
618114
618123
618165
618293
618367
618369
618440
618602
618637
618651
618718
618747
618781
618904
618944
619031
619172
619226
619288
619315
619370
619431
619507
619516
619586
619595
619609
619716
619876
619912
619960
620018
620025
620066
620068
620101
620187
620249
620398
620421
620481
620492
620506
620612
620643
620696
620855
620920
621044
621072
621206
621232
621267
621378
621499
621589
621619
621648
621701
621772
621881
621956
622134
622178
622357
622536
622563
622658
622692
622752
622782
622799
622851
622999
623250
623264
623299
623346
623380
623501
623503
623504
623525
623609
623767
623834
623898
623907
623908
623911
623973
624012
624061
624072
624102
624129
624212
624219
624274
624283
624298
624338
624354
624533
624638
624643
624658
624667
624743
624795
624811
624920
625046
625070
625177
625320
625371
625486
625532
625555
625591
625761
625814
625839
625873
625889
625953
626075
626121
626263
626331
626395
626402
626473
626590
626645
626674
626818
626896
626957
626992
627209
627390
627441
627470
627593
627603
627605
627640
627695
627753
627771
627913
627985
628068
628175
628462
628516
628519
628550
628587
628609
628716
628735
628767
628769
628783
628991
629005
629196
629312
629339
629388
629489
629588
629689
629755
629868
630003
630029
630033
630202
630213
630246
630281
630294
630316
630420
630433
630463
630476
630477
630579
630600
630721
630829
630862
630956
631136
631192
631274
631399
631556
631626
631755
631797
631849
631858
631869
631878
632081
632147
632188
632350
632532
632579
632598
632616
632696
632760
632777
632786
632832
632870
632979
633029
633030
633031
633155
633249
633355
633432
633436
633465
633541
633565
633706
633909
634046
634149
634230
634237
634272
634602
634651
634675
634772
634805
634861
634870
634951
634955
635025
635032
635064
635140
635168
635195
635335
635578
635582
635622
635635
635698
635745
635973
636048
636071
636254
636292
636422
636569
636598
636697
636721
636852
636893
636914
636974
636979
636996
637062
637065
637074
637129
637134
637188
637284
637410
637463
637549
637572
637648
637737
637766
637791
637846
637863
637951
637958
637974
638144
638210
638369
638370
638393
638529
638555
638631
638711
638772
638773
638799
638835
638868
638875
638879
638903
638915
639022
639040
639054
639092
639201
639262
639293
639333
639423
639470
639554
639614
639617
639638
639778
639804
640032
640155
640354
640418
640483
640556
640639
640688
640756
640799
640812
640815
640830
640835
640837
640869
640939
641922
642018
642222
642966
642978
643272
644145
645085
645296
645453
645518
645554
645824
646096
646390
646616
646787
647808
648025
655775
659974
672296
675934
